Start to Record 2018-11-15 14:02:01
104.56902239830174 -65.9512831368005 -44.32075422448261 -11.934985783381299 1345.5892457755174 -2000.6749857833813
51.979299109213116 -45.72446648715106 -47.00747067621061 -17.85538288515195 1298.5817750993067 -2018.5303686685334
-58.12756988275589 -19.943431330267572 -58.36354051867053 -0.8642053300991517 1240.2182345806361 -2019.3945739986325
Start to Record 2018-11-15 14:03:11
124.16545810121875 -61.341664429812226 -51.79654110523703 -11.063839865026079 1318.113458894763 -1999.803839865026
4.323144488651224 -45.54849131807856 -8.74497239871769 -11.295868162479024 1309.3684864960453 -2011.0997080275051
-19.831120270470933 -21.394226558956518 3.5824374397113896 -11.913308292148324 1312.9509239357567 -2023.0130163196534
-22.240325271525762 8.047094140542697 4.487301836992343 -2.159954283545618 1317.438225772749 -2025.172970603199
Start to Record 2018-11-15 14:03:47
117.61664139686025 -64.97626373631408 -49.40068303809699 -11.738493242835046 1320.509316961903 -2000.4784932428352
2.042635987283461 -48.465691534945904 -7.66050744076864 -11.983100020102265 1312.8488095211344 -2012.4615932629374
-21.26640712053006 -17.386967391194048 4.3127683436898225 -8.488260043152387 1317.1615778648243 -2020.9498533060898
-16.4103564730691 -0.8763951898259279 3.2327358752886775 -7.008051412372994 1320.394313740113 -2027.957904718463
-13.496726084592524 15.63417701154225 1.2990826502244999 -0.39528764952220186 1321.6933963903375 -2028.3531923679852
-12.525515955100332 16.605387141034498 2.5878905268543164 0.6512494128872092 1324.281286917192 -2027.701942955098
-10.13675500878901 12.639632864071473 3.1066588570148093 -0.7582321918411409 1327.3879457742066 -2028.4601751469393
-1.2024717616991438 13.632331002636988 -1.0832994849859487 0.8778012030310527 1326.3046462892207 -2027.5823739439081
-2.195169900264659 12.639632864071473 -1.839121854744279 1.731293480572773 1324.4655244344765 -2025.8510804633354
-5.173264315961205 7.676142171243782 -0.059671670550772 0.033858355680982326 1324.4058527639256 -2025.8172221076545
-6.165962454526721 6.68344403267821 0.5957781440593016 -0.023350683829282032 1325.001630907985 -2025.8405727914837
-6.165962454526721 6.68344403267821 2.0303354696929854 0.12917633150974384 1327.031966377678 -2025.711396459974
-1.2024717616990301 7.676142171243725 -0.7943070206589323 0.6250378761171872 1326.237659357019 -2025.0863585838567
-2.1951699002645455 6.683444032678153 -0.7709874618045801 1.1297969167880206 1325.4666718952144 -2023.9565616670686
1325.4666718952144 -2011.302640805818 138.44983306879618
1325.4666718952144 -2004.893446174905 138.8245498241414
1325.4666718952144 -2002.5507406721088 138.96151642189065
End of Record 2018-11-15 14:04:08
