2018-11-15 13:23:58  1361.75,-1984.74,1008.51,138.49,25.95,-160.85,
2018-11-15 13:29:09  1361.54,-1985.71,1008.51,138.52,25.95,-160.85,
2018-11-15 13:30:55  1375.01,-1983.72,1008.51,138.11,25.95,-160.85,
2018-11-15 13:38:07  1375.42,-1984.02,1008.51,138.18,25.95,-160.85,
2018-11-15 13:42:14  1385.25,-1977.07,1008.51,137.84,25.95,-160.85,
2018-11-15 13:45:39  1367.88,-1980.50,1008.51,138.31,25.95,-160.85,
2018-11-15 13:47:49  1346.51,-1989.52,1008.51,139.10,25.95,-160.85,
2018-11-15 13:56:54  1323.50,-2000.34,1008.51,139.75,25.95,-160.85,
2018-11-15 14:04:12  1325.47,-2002.55,1008.54,138.96,25.95,-160.85,
2018-11-15 14:08:17  1323.34,-2001.09,1008.51,139.32,25.95,-160.85,
2018-11-15 16:14:14  1310.08,-2004.75,1008.51,139.97,25.95,-160.85,
2018-11-15 16:22:08  1315.40,-2005.97,1008.51,140.04,25.95,-160.85,
2018-11-15 16:27:08  1300.55,-2013.67,1008.51,140.31,25.95,-160.85,
2018-11-15 16:30:55  1349.06,-1992.92,1008.51,138.98,25.95,-160.85,
2018-11-15 16:32:51  1345.93,-1996.07,1008.51,139.11,25.95,-160.85,
2018-11-15 16:43:21  1329.83,-1997.74,1008.51,139.51,25.95,-160.85,
2018-11-15 16:48:59  1330.95,-2012.87,1008.51,139.51,25.95,-160.85,
2018-11-16 10:02:29  1330.66,-2013.00,1008.51,139.64,25.95,-160.85,
