Start to Record2018-11-15 13:20:08
58.71937693579986 -10.725280346757074 -4.4213285265252456 -3.819872986926722 1385.4886714734748 -1992.5598729869266
48.22300160154515 -3.0279384349701104 -8.113261294212702 2.720587687490889 1377.3754101792622 -1989.8392852994357
33.29482334838298 -4.893960716615425 -8.174488628714474 3.212226841133873 1369.2009215505477 -1986.627058458302
17.900139524809333 -8.15949970949464 1.9176578122827141 -5.442151698030795 1371.1185793628304 -1992.0692101563327
19.066403450837697 2.3368756247600686 -3.5946553757578537 -1.6696961124424123 1367.5239239870725 -1993.738906268775
11.369061539050904 7.2351841140789475 -3.4822967965206324 -1.8356435896602226 1364.041627190552 -1995.5745498584354
3.6717196272641104 13.999514885043084 -1.9306061290547747 -0.705936212164362 1362.1110210614972 -1996.2804860705996
-0.7600832916433546 18.897823374361963 -0.9061212217554717 0.9527501707815288 1361.2048998397418 -1995.3277358998182
-2.1596000028773688 27.294923641765763 0.4356786005517609 2.337142108719286 1361.6405784402934 -1992.990593791099
-0.2935777212320545 27.294923641765763 0.4673057185402725 -2.8935980030659354 1362.1078841588337 -1995.884191794165
-0.2935777212320545 35.22551833875821 -0.2660121676932424 5.986618706134758 1361.8418719911406 -1989.8975730880302
1.5724445604132598 18.897823374361963 -1.007695814327438 0.6333286321869251 1360.8341761768131 -1989.2642444558433
-0.06032493602640443 16.33204273709964 -3.213736679358876 -1.7892939009364468 1357.6204394974543 -1991.0535383567797
-7.524414062607548 15.865537166688341 3.4746302699235123 3.8882480008264757 1361.0950697673777 -1987.1652903559532
1.5724445604132598 8.168195254901548 0.31542373944220153 0.6732964851005565 1361.4104935068199 -1986.4919938708526
2.738708486441624 6.535425758461884 0.1792156841727974 0.24521418144434712 1361.5897091909926 -1986.2467796894082
2.971961271647274 5.835667402844933 0.23082566875582466 0.580797610952192 1361.8205348597485 -1985.665982078456
3.671719627264224 4.202897906405326 0.30623007179368694 -0.12844828978656864 1362.126764931542 -1985.7944303682425
3.904972412469874 4.902656262022333 0.258774520444215 0.09682748662870194 1362.3855394519862 -1985.6976028816139
4.604730768086824 4.669403476816683 0.38722971230274894 -0.3417008287485912 1362.772769164289 -1986.0393037103624
5.537741908909425 7.934942469696011 -0.6021852000930592 0.0268655860842692 1362.1705839641959 -1986.012438124278
4.371477982881174 6.768678543667647 0.7194857136530621 -0.041263354490792714 1362.890069677849 -1986.053701478769
6.2375002645264885 10.967228677369576 -0.7263518121689801 0.18632806441732933 1362.16371786568 -1985.8673734143517
3.904972412469874 6.768678543667704 -0.20515364750267434 0.4283253642402686 1361.9585642181773 -1985.4390480501115
3.904972412469874 3.9696451211997896 0.011304483791182523 0.52116577246409 1361.9698687019686 -1984.9178822776473
4.138225197675524 2.8033811951715393 -0.27035431692007506 0.1330891469560293 1361.6995143850486 -1984.7847931306912
3.438466842058574 0.704106128320575 0.06042410062050127 0.30760559241833807 1361.7599384856692 -1984.4771875382728
4.138225197675524 0.004347772703567898 -0.06835892769156977 -0.03696731985255865 1361.6915795579775 -1984.5141548581253
4.138225197675524 0.004347772703567898 -0.07849478977136695 -0.04845212007814075 1361.6130847682061 -1984.5626069782033
4.138225197675524 0.004347772703567898 -0.08193967043408995 -0.050351410828867606 1361.531145097772 -1984.6129583890322
3.671719627264224 0.47085334311486804 -0.005977123928375414 0.073949156125583 1361.5251679738435 -1984.5390092329067
3.671719627264224 0.004347772703567898 -0.007519537712984732 0.023654667243785198 1361.5176484361305 -1984.5153545656628
3.438466842058574 -0.22890501250208217 0.16861811665042478 0.36148744211213346 1361.6862665527808 -1984.1538671235508
3.671719627264224 -0.46215779770784593 -0.19352848470823525 -0.39591777993485894 1361.4927380680726 -1984.5497849034857
3.438466842058574 -0.22890501250219586 -0.15629427480584435 -0.2779408292711604 1361.3364437932669 -1984.8277257327568
3.205214056852924 0.4708533431148112 0.06965667647127972 0.1804177084941345 1361.4061004697382 -1984.6473080242627
2.971961271647274 -0.2289050125022527 0.1367106166986625 0.1903378431690697 1361.5428110864368 -1984.4569701810935
3.205214056852924 0.004347772703397368 -0.0253386656673107 -0.10556184863477477 1361.5174724207695 -1984.5625320297283
3.205214056852924 0.47085334311475435 -0.023654452616069306 -0.05243875269424494 1361.4938179681535 -1984.6149707824227
3.205214056852924 0.47085334311475435 -0.010657034774031982 -0.014155347812464691 1361.4831609333794 -1984.6291261302351
3.671719627264224 0.004347772703454211 -0.0364620692209735 -0.04265822053405814 1361.4466988641584 -1984.6717843507693
3.671719627264224 0.004347772703454211 -0.03656733554261832 -0.04235465789679973 1361.4101315286157 -1984.714139008666
3.671719627264224 0.47085334311475435 -0.0017432420221431127 0.04190694831618268 1361.4083882865937 -1984.6722320603499
3.205214056852924 0.47085334311475435 0.03163729254498377 0.12680406408120504 1361.4400255791386 -1984.5454279962687
3.205214056852924 0.47085334311475435 -0.064782305783367 -0.1451010110985096 1361.3752432733552 -1984.690529007367
3.438466842058574 0.23760055790910428 -0.11318651150288918 -0.2065620487765234 1361.2620567618524 -1984.8970910561436
3.205214056852924 0.9373589135261113 0.058562114428279084 0.1835002711871742 1361.3206188762806 -1984.7135907849565
2.5054557012359737 0.7041061283204044 0.11937683619074435 0.22271758199976924 1361.4399957124713 -1984.4908732029567
2.738708486441624 0.47085334311475435 -0.030782471721794068 -0.06300975826404712 1361.4092132407495 -1984.5538829612208
3.205214056852924 0.47085334311475435 -0.033375910064639164 -0.026957208789204684 1361.3758373306848 -1984.5808401700099
3.205214056852924 0.47085334311475435 -0.0354159664250463 -0.030323056883288547 1361.3404213642598 -1984.6111632268933
2.971961271647274 0.23760055790910428 0.034689116156916666 0.08343101839353839 1361.3751104804167 -1984.5277322084996
Start to Record2018-11-15 13:22:53
57.78636579497737 -10.725280346756904 -4.445028241933239 -3.5704810628160484 1385.464971758067 -1992.310481062816
48.22300160154532 -3.0279384349701104 -8.200163161746035 2.3933292495313587 1377.2648085963208 -1989.9171518132846
32.82831777797173 -3.9609495757928244 -7.774198118913433 2.979547821089879 1369.4906104774072 -1986.9376039921947
18.366645095220747 -7.69299413908351 4.402791481071928 -9.06201912609386 1373.8934019584792 -1995.9996231182886
22.798448014128383 9.334459180929628 -4.245240705549093 -0.3561890510461174 1369.64816125293 -1996.3558121693347
14.634600531930232 11.433734247780592 -4.336565248561235 0.5532431236637221 1365.3115960043688 -1995.802569045671
6.004247479320725 12.599998173808899 -2.1717496457502596 -0.259874314990844 1363.1398463586186 -1996.0624433606617
1.5724445604132598 16.098789951893764 -1.7326147089362864 0.9315111268640781 1361.4072316496822 -1995.1309322337977
-1.926347217671605 20.530592870801343 2.9818167476952975 3.5498759222130523 1364.3890483973776 -1991.5810563115847
6.2375002645264885 26.82841807135418 0.34732875123286355 2.1656699444153853 1364.7363771486105 -1989.4153863671693
8.103522546171803 21.23035122641835 -1.461521561440622 -0.21076375392505353 1363.27485558717 -1989.6261501210943
5.304489123703888 18.431317803950435 -0.7001465841976756 1.3467682311805271 1362.5747090029722 -1988.2793818899138
3.438466842058574 13.299756529425906 0.566039647956883 1.9935353238862508 1363.140748650929 -1986.2858465660274
6.2375002645264885 7.70168968449002 0.40538168193062685 -0.29446500655311914 1363.5461303328595 -1986.5803115725805
6.470753049732139 9.334459180929628 0.3864913677107963 0.7393008360217906 1363.9326217005703 -1985.8410107365587
7.637016975760389 7.235184114078606 0.9055173591208228 -0.37137690039301535 1364.838139059691 -1986.2123876369517
9.50303925740559 10.500723106957821 -1.416666817748132 0.6898870558140581 1363.4214722419429 -1985.5225005811376
6.704005834937675 5.835667402844592 -0.5413838516739989 0.283425480690097 1362.8800883902688 -1985.2390751004475
5.770994694115075 3.969645121199278 -0.38573447583222015 0.2717745212024732 1362.4943539144367 -1984.9673005792451
5.0712363384981245 2.803381195170914 -0.5241752583549156 -0.10333604740244291 1361.9701786560818 -1985.0706366266477
4.371477982881174 1.63711726914255 -0.06215163513756741 0.21972338369522348 1361.9080270209442 -1984.8509132429524
4.138225197675524 1.8703700543482569 3.607827643839282 2.896380917563469 1365.5158546647835 -1981.954532325389
12.768578250284918 0.2376005579085927 -2.421654398253333 -0.5877111595788573 1363.0942002665302 -1982.542243484968
8.103522546171689 -3.0279384349707357 1.2212927309004915 -6.078341477768941 1364.3154929974307 -1988.6205849627368
7.403764190554739 24.729143004502873 -1.1237017592517498 0.9166066466451726 1363.191791238179 -1987.7039783160915
5.304489123703775 16.098789951893366 -4.522920092795176 -4.109684283615528 1358.6688711453837 -1991.813662599707
-6.124897351373534 14.466020455453815 1.5683316923500383 1.9623102112944761 1360.2372028377338 -1989.8513523884126
-1.9263472176717187 12.599998173808615 0.7178725357035898 1.4300170789456808 1360.9550753734375 -1988.421335309467
0.4061806343848957 10.733975892163357 0.2873576473554651 1.192770572727404 1361.242433020793 -1987.2285647367396
1.3391917752076097 7.934942469695386 0.1685110974579322 0.6196729246928938 1361.4109441182509 -1986.6088918120467
2.03895013082456 6.302172973255779 0.07841666450229201 0.666872746616246 1361.4893607827532 -1985.9420190654305
2.73870848644151 3.7363923359935143 0.01520771874586354 0.04162172526864927 1361.504568501499 -1985.9003973401618
2.50545570123586 3.969645121199221 0.028983369989862253 0.17026289588782328 1361.533551871489 -1985.730134444274
2.73870848644151 3.269886765582214 0.03148290977461219 0.31573041277976793 1361.5650347812636 -1985.4144040314943
2.97196127164716 2.103622839553907 -0.0004737848828053823 -0.04812930214004174 1361.5645609963808 -1985.4625333336344
2.97196127164716 2.103622839553907 -0.02764822275560304 -0.29316792292473204 1361.536912773625 -1985.7557012565592
3.2052140568528102 3.269886765582214 0.02992958794212089 0.2693618969445468 1361.5668423615673 -1985.4863393596147
2.97196127164716 2.103622839553907 0.0468227063543719 0.2522799407256341 1361.6136650679216 -1985.234059418889
2.73870848644151 2.336875624759614 0.1321526945188216 0.4899638462195795 1361.7458177624403 -1984.7440955726695
End of Record2018-11-15 13:23:57
Start to Record2018-11-15 13:28:38
59.435457460403484 -9.931441098241862 -1.7547393370210158 4.132166511074395 1388.1552606629791 -1984.6078334889255
59.052583275024745 -7.251321800590745 -4.774827479173524 1.8275456269410557 1383.3804331838055 -1982.7802878619846
49.480728640556435 0.02328772160524295 -3.6750122399728076 -1.9368527667884743 1379.7054209438327 -1984.717140628773
41.82324493298171 11.126639097588566 -6.3254082689738365 -0.9309928621656252 1373.3800126748588 -1985.6481334909386
27.656900073968586 17.635500249027075 -6.64002257522494 -0.6450969245721774 1366.7399900996338 -1986.2932304155108
13.49055521495552 15.721129322133379 -2.7263134480377187 -0.20617378992944446 1364.0136766515961 -1986.4994042054402
7.364568248895807 13.423884209861 -1.276854269599294 -0.04394773273552524 1362.736822381997 -1986.5433519381756
4.875886043933974 10.935202004899224 -0.9144278646860975 -0.531741701986362 1361.8223945173108 -1987.075093640162
2.3872038389722547 9.595142356073666 -0.27388331038155644 0.1639105906986794 1361.5485112069293 -1986.9111830494635
1.8128925609041744 7.872208521869425 -0.14639070842990434 0.8392428585778176 1361.4021204984995 -1986.0719401908857
2.0043296535935724 6.149274687665127 -1.916419824227864 -0.4770396845875872 1359.4857006742716 -1986.5489798754734
-1.6329751075044214 0.980473185052233 0.8381482257343833 0.1651902039961722 1360.323848900006 -1986.3837896714772
-0.6757896440576587 2.703407019256531 0.5587241341007623 0.524905382211206 1360.8825730341066 -1985.858884289266
1.0471441901465823 2.5119699265671898 0.27412427220967195 0.12631799558329948 1361.1566973063163 -1985.7325662936826
1.6214554682146627 3.4691553900140093 -0.017003584875964456 -0.19504550670403176 1361.1396937214404 -1985.9276118003866
1.8128925609040607 2.894844111945986 0.15330924390476133 0.17484015586937954 1361.293002965345 -1985.7527716445172
2.0043296535934587 2.3205328338778486 0.0946466170246617 -0.18093504065883625 1361.3876495823697 -1985.933706685176
1.8128925609040607 2.894844111945929 0.1572398641935975 0.22457560203471527 1361.5448894465633 -1985.7091310831413
End of Record2018-11-15 13:29:07
Start to Record2018-11-15 13:30:29
31.61899923320135 1.8917114214158346 -1.8365712984370426 0.4837521134354459 1388.073428701563 -1988.2562478865646
29.597413908845226 16.777930628037723 17.41376307097996 23.42627759779433 1405.487191772543 -1964.8299702887703
68.00753507161022 -88.16072575444468 -11.88714899836471 -17.384315833219485 1393.6000427741783 -1982.2142861219897
45.41182914504628 3.384559503100263 0.4521925411280715 4.710901113601967 1394.0522353153065 -1977.5033850083878
49.00905575912901 12.377626038307028 -3.8828907207888905 -8.900977271835181 1390.1693445945175 -1986.404362280223
35.699317287023064 17.41374329802278 -2.1767547216128253 -3.908500198335672 1387.9925898729048 -1990.3128624785586
29.404170712378345 17.593604628726894 -1.3255895749274509 -1.4753322623715457 1386.6670002979772 -1991.78819474093
25.627082767591446 13.456794022531767 -5.069046671623795 -0.48366210173329716 1381.5979536263535 -1992.2718568426633
14.655541594639203 8.960260754928413 -4.016763840230004 2.9590566681852395 1377.5811897861236 -1989.312800174478
7.820811027882087 7.88109277070356 -1.9028775286064417 3.4023055789080434 1375.678312257517 -1985.91049459557
5.842336390136666 6.26234079436631 -0.6721322348542806 2.191102844031581 1375.0061800226629 -1983.7193917515385
End of Record2018-11-15 13:30:53
Start to Record2018-11-15 13:37:41
30.471239012725732 1.562809894068323 -1.429495241046265 0.33771563559155093 1388.4805047589539 -1988.4022843644084
28.3456192245892 12.190908834751156 -13.299655174957408 -17.37070332083644 1375.1808495839964 -2005.7729876852447
-12.466280707633018 129.0999971822629 -11.243773615676377 -3.3718196604532658 1363.93707596832 -2009.144807345698
-36.91090827120365 104.65536961869225 6.282738429490967 3.2874265440245285 1370.219814397811 -2005.8573808016733
-22.03156975424747 98.27851025428254 -0.8395734304444584 -2.9500647813434413 1369.3802409673665 -2008.8074455830167
-25.645123394079747 110.81966700428833 4.081730699572459 18.863379169415374 1373.461971666939 -1989.9440664136014
-4.176363533900258 29.83355307628483 0.7434065614559926 2.6938173687963305 1374.205378228395 -1987.250249044805
-1.2004958305089986 18.780330177974577 0.7340356320408377 1.558113430724684 1374.9394138604357 -1985.6921356140804
0.7125619788138238 11.3406609194966 0.4321936647376616 0.9452803241922259 1375.3716075251734 -1984.7468552898881
2.4130578093230497 7.089421343223421 0.09442778249959037 0.46669696038535025 1375.466035307673 -1984.2801583295027
3.0507437457640663 5.176363533900485 -0.04975664063491047 0.25746143742683525 1375.4162786670381 -1984.0226968920758
End of Record2018-11-15 13:38:05
Start to Record2018-11-15 13:41:34
-2.18654923469569 16.099015283264293 -1.048111127724633 -0.9215246217291786 1388.8618888722754 -1989.661524621729
-4.507382699905975 42.55651678666129 1.1755453646177685 0.49973251057389856 1390.0374342368932 -1989.1617921111551
-2.4186325812166842 27.935265955836655 -0.975576364091888 -0.6596911964860845 1389.0618578728013 -1989.8214833076413
-3.57904931382177 45.80568363795578 0.30824438489067096 0.05268840667966945 1389.370102257692 -1989.7687949009617
-4.043216006863872 43.94901686578754 0.33975516479207357 -0.02956163344971846 1389.709857422484 -1989.7983565344114
-3.811132660342764 43.2527668262245 0.8297370121439512 -0.08017010436528316 1390.539594434628 -1989.8785266387767
-1.7223825416535874 43.48485017274555 -2.9313991245325424 -0.09532543508703012 1387.6081953100954 -1989.9738520738638
-7.292382858158248 55.08901749879692 3.138001546763636 -0.12915467345137388 1390.7461968568591 -1990.1030067473152
-1.7223825416535874 48.126517103166066 2.9789536657875972 -0.3144796478866162 1393.7251505226468 -1990.4174863952019
4.775951160935165 41.16401670753521 0.7867361751818216 -0.06520707376283497 1394.5118866978287 -1990.4826934689647
6.632617933103347 39.30734993536703 -0.49253385708913483 -0.39360586956146676 1394.0193528407397 -1990.8762993385262
5.936367893540364 46.96610037056092 -3.970953016931132 1.4827475594971649 1390.0483998238085 -1989.3935517790292
-2.6507159277377923 45.341516944913735 -6.891238616934705 3.721984208177791 1383.1571612068738 -1985.6715675708513
-13.820060507363678 32.301653498473115 1.1401862808579704 0.04471698912401134 1384.2973474877317 -1985.6268505817272
-12.457255963148214 22.307753507559937 -0.6228137337543341 0.48147557706056565 1383.6745337539774 -1985.1453750046667
-12.457255963148214 24.579094414585597 -0.38335940767242793 0.7571156058596631 1383.2911743463048 -1984.3882593988071
-13.592926416661157 22.08061941685736 -1.0213924993573298 3.6217481862027348 1382.2697818469476 -1980.7665112126044
-13.365792325958523 11.405317153836563 1.0668817092920067 4.035534170308749 1383.3366635562395 -1976.7309770422958
-8.823110511907089 -3.585532832533147 -1.467160633196372 -6.089687447566344 1381.8695029230432 -1982.820664489862
-15.182865051579029 14.130926242267378 2.5797670838767677 4.616673805096847 1384.44927000692 -1978.2039906847654
-7.460305967691625 1.4114171629233851 0.8033720511752712 1.134111544529775 1385.2526420580953 -1977.0698791402356
End of Record2018-11-15 13:42:13
Start to Record2018-11-15 13:45:08
44.64610972861817 3.407145080499504 -5.524570205052729 -1.5865124823817265 1384.3854297949474 -1990.3265124823818
32.73147549936232 37.19782904215964 -2.7474892750750204 -3.7785604633886978 1381.6379405198725 -1994.1050729457704
24.796657336693443 75.99985853939006 -1.6255041009960376 3.1279588076439695 1380.0124364188764 -1990.9771141381264
21.402720019787694 68.21376704766533 -2.3374555395436865 4.167964682334695 1377.6749808793327 -1986.8091494557916
18.408069446047307 56.03552138112127 -1.6085336403630632 2.070920155235601 1376.0664472389697 -1984.738229300556
17.21020921655122 49.64693349047525 -1.6872859454640616 1.3979289352055337 1374.3791612935056 -1983.3403003653505
14.814488757558934 43.6576323429947 -1.7246848264875583 0.5948136145233167 1372.654476467018 -1982.7454867508272
10.821621325905085 36.86975770918332 -1.6008652870968265 0.2177496978765214 1371.053611179921 -1982.5277370529507
8.22625749533006 29.083666217458585 -1.642695841584164 -0.7633962236970796 1369.410915338337 -1983.2911332766478
4.433033435258949 24.092581927891274 -1.4871719897539757 0.030132794678838115 1367.923743348583 -1983.261000481969
0.2405226320224756 17.504350665662628 -0.3598839827066367 0.1893116139020133 1367.5638593658764 -1983.071688868067
0.2405226320224756 14.310056720339503 -0.12270681999326036 0.13200390765606113 1367.4411525458831 -1982.939684960411
0.2405226320224756 11.914336261347216 -0.07740832488897645 0.005418659938377285 1367.3637442209942 -1982.9342663004725
0.040879260439737664 10.91611940343364 0.018895449655290164 0.2053640609265914 1367.3826396706495 -1982.728902239546
-0.3584074827256245 9.318972430772192 0.7035354662395963 0.7134852093875371 1368.086175136889 -1982.0154170301585
1.837669604684038 9.119329059189454 0.02420062646350811 0.07768208148968148 1368.1103757633525 -1981.9377349486688
2.037312976266662 8.121112201275992 -0.23356308863510317 1.4361022924176987 1367.8768126747175 -1980.501632656251
End of Record2018-11-15 13:45:38
Start to Record2018-11-15 13:47:07
87.74716777303615 -28.517432346579596 -20.623229917188986 9.096718663762559 1369.286770082811 -1979.6432813362374
51.34479174271644 -20.88819186118326 -4.359843520301277 -1.0745275008119173 1364.9269265625098 -1980.7178088370492
42.843638058989086 8.974835181653987 3.934208672043626 10.532987723070235 1368.8611352345536 -1970.184821113979
41.44895237619903 -126.1814854436904 -9.03919659784545 -4.607541244062777 1359.8219386367082 -1974.7923623580418
35.81488944553308 -36.651468911499876 -1.541432142977076 -2.0798631333190967 1358.280506493731 -1976.872225491361
32.415384826226386 -15.654528615781885 0.08880060612125096 -9.847201926502994 1358.3693070998522 -1986.719427417864
27.364755354668716 55.29475829173106 1.3221456026686491 2.178337474424466 1359.6914527025208 -1984.5410899434394
30.707434867218126 23.121467983444177 0.6100233060313687 -5.315475610274723 1360.301476008552 -1989.856565553714
29.87176498908076 59.47310768241766 -7.962339684510064 19.800697592631785 1352.339136324042 -1970.0558679610822
17.754551756089484 -73.3984029414164 1.0148812403459995 -3.966230197502874 1353.3540175643882 -1974.022098158585
20.05264392096717 -54.38691321379241 -2.2666699797552905 2.8327775929963703 1351.0873475846329 -1971.1893205655888
15.45645959121191 -70.26464089840147 0.48119078399495674 -2.3089651484250515 1351.5685383686277 -1973.498285714014
15.45645959121191 -66.08629150771486 -1.2278168640768266 -3.6896433635505854 1350.3407215045509 -1977.1879290775646
11.904862609128372 -55.43150056146402 -4.842492854463757 -11.467192047004099 1345.4982286500872 -1988.6551211245687
-1.2569379715343985 -9.260739794377002 -1.620022271437204 1.7315440469699257 1343.87820637865 -1986.9235770775988
-3.7639476059464414 -11.767749428788932 2.627675672423923 -2.5996923491642705 1346.505882051074 -1989.5232694267631
End of Record2018-11-15 13:47:47
Start to Record2018-11-15 13:49:17
135.54800430099698 -69.05013038821522 -11.702837557099851 23.397951510789635 1378.2071624429002 -1965.3420484892104
117.75588183981756 -122.42649777175359 -13.783299555068284 25.444013154231143 1364.423862887832 -1939.898035334979
89.0598677557893 -195.08987962363017 -8.178835338791886 21.42844336966914 1356.24502754904 -1918.46959196531
91.83950148893268 -220.45427880097645 -7.336771866200545 21.58609329982405 1348.9082556828396 -1896.8834986654858
42.75660292912454 -140.23676365708712 -5.613007506925044 11.757729061423921 1343.2952481759146 -1885.1257696040618
46.77209831123713 -113.2020585256123 1.3116732371784814 -0.8465347640507539 1344.606921413093 -1885.9723043681126
44.69321442744092 -135.3625391263925 2.3942803009715123 8.215259796259902 1347.0012017140646 -1877.7570445718527
Start to Record2018-11-15 13:50:29
Start to Record2018-11-15 13:51:09
-26.885830106859316 35.15388036395399 -0.6592669859177734 -0.23364828603143262 1389.2507330140822 -1988.9736482860314
Start to Record2018-11-15 13:51:58
-3.730843698074409 -45.26124123089539 -10.757085856632132 21.103601349159373 1379.152914143368 -1967.6363986508406
Start to Record2018-11-15 13:52:49
-0.6279450279396315 -44.2936987448515 2.889483467142715 8.75555144381456 1392.7994834671429 -1979.9844485561855
Start to Record2018-11-15 13:54:48
1.1625487268981942 -1.5377785664927615 -0.2436509861809903 0.8645249985765725 1369.6663490138192 -1987.8754750014234
Start to Record2018-11-15 13:55:55
115.25820242554914 -84.28003216201319 -6.921067013452914 17.21390574382525 1362.988932986547 -1971.5260942561747
117.47202299831804 -141.63760270241778 -21.62966511367524 40.26007425046311 1341.359267872872 -1931.2660200057117
129.94280038816385 -225.5746090470425 8.862760335430762 8.186318711750161 1350.2220282083026 -1923.0797012939615
171.50869361945354 -216.1165908179894 2.9118828923066857 -68.97127993219777 1353.1339111006093 -1992.0509812261594
121.57802814849902 -60.08606604265583 1.259849813053596 -38.114619601569814 1354.3937609136628 -2030.1656008277291
60.56240873900879 74.98326292077616 -7.897180829978757 2.8107815263694276 1346.4965800836842 -2027.3548193013596
46.737340529240214 65.10821419951287 -14.4478636722743 2.034333489886418 1332.04871641141 -2025.3204858114732
12.174670004818836 70.04573856014451 -7.475966529531201 1.5302053592060176 1324.5727498818787 -2023.790280452267
-5.600417693455029 70.04573856014451 1.5928182304011225 1.903721543118866 1326.16556811228 -2021.8865589091483
-1.650398204949738 70.04573856014451 1.832766791285749 -7.819674119537229 1327.9983349035658 -2029.7062330286856
-1.2495153565704413 88.45288896704872 -7.041949122270615 24.361334503055602 1320.9563857812952 -2005.34489852563
-0.5323862799743893 14.644392599623416 -3.0196046404767083 -1.8451472832211744 1317.9367811408185 -2007.1900458088512
-6.5904930927081296 12.625023662045578 5.956042490279768 8.4869302047232 1323.8928236310983 -1998.703115604128
8.344198306443673 -14.242108636710952 -0.24881079744382728 8.678795708730126 1323.6440128336544 -1990.0243198953979
14.53633971147508 -55.52305133691908 7.411956110429212 1.352671536457887 1331.0559689440836 -1988.67164835894
30.016693224053142 -40.042697824341076 -8.242250981507105 2.126908585023698 1322.8137179625764 -1986.5447397739163
20.440686117560062 -81.747580406476 4.820894917233982 -11.70790381152414 1327.6346128798104 -1998.2526435854404
18.420655113728117 3.093721754460944 3.3952866384864153 1.3009939888729751 1331.0298995182968 -1996.9516495965674
22.947238278890154 7.040925542666457 -4.228129633266926 -1.2125158885337979 1326.80176988503 -1998.1641654851012
13.655979879788447 -2.2503328564355343 -1.7577924456973237 -1.342883725398038 1325.0439774393326 -1999.5070492104992
9.526531702409784 -0.18560876774620283 -0.8953208581443363 -0.2621868656690186 1324.1486565811883 -1999.7692360761682
6.429445569375957 -1.2179708120908117 0.3301557367231282 0.6590413494452525 1324.4788123179114 -1999.110194726723
7.461807613720566 -2.2503328564355343 1.727152957079079 7.065670496199927 1326.2059652749906 -1992.044524230523
16.753066012822273 -15.671039432916132 -1.4707683243589176 -5.312174795645685 1324.7351969506317 -1997.3566990261686
9.526531702410011 -6.379781033814197 -0.5748734346550141 -2.1351948041645272 1324.1603235159766 -1999.491893830333
7.461807613720794 -0.18560876774620283 -0.6585863543313197 -0.8455922351118571 1323.5017371616452 -2000.3374860654449
End of Record2018-11-15 13:56:52
Start to Record2018-11-15 14:05:34
133.57772725010705 -57.781002866014546 -3.3494397358516195 -4.735001666739698 1366.5605602641485 -1993.4750016667397
113.59455059144989 -5.684647985666288 -10.838317413998737 -3.4001838417904855 1355.7222428501498 -1996.8751855085302
81.48894486064546 43.24883678659353 13.899753526808793 5.315649649411591 1369.6219963769586 -1991.5595358591186
114.04337989841599 29.0062714575688 -35.507268448015026 -7.136721199620973 1334.1147279289435 -1998.6962570587395
31.03142374909953 -31.382522879291173 -2.337078975233131 2.7093677648676104 1331.7776489537102 -1995.9868892938719
28.902142893616883 -79.09208076291327 -3.8693778591476367 -8.286522634331432 1327.9082710945627 -2004.2734119282034
14.063153421607922 34.21366576097262 3.2102373968204003 6.510538022607947 1331.1185084913832 -1997.7628739055954
21.769562820434885 -16.441109578382452 -2.2401537525288737 -2.1324271684457186 1328.8783547388543 -1999.895301074041
16.5669810433958 -7.076462379711984 -3.092513269758608 -3.605490075386098 1325.7858414690957 -2003.5007911494272
5.1213011339096965 12.693348373036713 -0.09932593625388408 0.08733154443205016 1325.6865155328417 -2003.413459604995
5.1213011339096965 10.612315662221022 -0.35531490206994576 -0.07897383129930746 1325.3312006307717 -2003.4924334362943
6.161817489317514 9.571799306813205 0.4711238519713738 0.504148176856839 1325.8023244827432 -2002.9882852594374
7.202333844725331 10.612315662221022 1.1475006715018565 1.515687308979615 1326.949825154245 -2001.4725979504578
11.3643992663566 4.369217529774119 -1.1335829525079038 -1.078251009986872 1325.8162422017372 -2002.5508489604447
9.283366555540965 8.531282951405387 -0.9804213982391579 -0.6787494423937954 1324.835820803498 -2003.2295984028385
5.1213011339096965 8.531282951405387 -0.26826151872734416 0.2951075699646954 1324.5675592847708 -2002.9344908328737
4.080784778501879 7.490766595997513 -0.06364025101364931 0.15605177018259786 1324.5039190337573 -2002.7784390626912
3.040268423094062 6.450250240589696 -0.05893354236641765 0.2086362934794621 1324.4449854913908 -2002.5698027692117
4.080784778501879 5.409733885181879 0.0988039922912751 0.4023399624024312 1324.543789483682 -2002.1674628068092
5.1213011339096965 4.369217529774062 0.04032914422152872 0.7533866524499319 1324.5841186279035 -2001.4140761543592
6.161817489317514 1.2476684635505535 -0.45337638351237414 -0.7100192705835859 1324.130742244391 -2002.1240954249429
5.1213011339096965 2.2881848189583707 -0.7120011953589929 -0.5129034475701383 1323.4187410490322 -2002.636998872513
1.999752067686245 3.3287011743662447 0.36145412758696915 0.24308195585028589 1323.7801951766191 -2002.3939169166626
3.040268423094062 4.369217529774062 0.3206907916857778 0.07217256465916 1324.100885968305 -2002.3217443520034
4.080784778501879 3.3287011743662447 0.25292844777833423 -0.006695700412022498 1324.3538144160832 -2002.3284400524153
3.040268423094062 4.369217529774062 0.5420599377630975 0.10506556848339735 1324.8958743538462 -2002.2233744839318
6.161817489317514 3.3287011743662447 -0.040075822999605826 0.048834650893595205 1324.8557985308466 -2002.1745398330381
4.080784778501879 3.3287011743662447 -0.031398508685944196 -0.06400556417599962 1324.8244000221607 -2002.238545397214
6.161817489317514 3.328701174366188 -0.11433436540676808 -0.15456051446029703 1324.7100656567538 -2002.3931059116744
6.161817489317514 3.328701174366188 -0.14119759205213053 -0.18926484190180132 1324.5688680647017 -2002.5823707535762
5.1213011339096965 4.369217529774005 0.08824060970525872 0.19079780399513566 1324.657108674407 -2002.3915729495811
4.080784778501879 3.328701174366188 0.39232832319984323 0.5363131551720179 1325.0494369976068 -2001.8552597944092
5.1213011339096965 2.2881848189583707 0.24594886782306086 0.407690126765743 1325.2953858654298 -2001.4475696676434
6.161817489317514 1.2476684635505535 -0.1897387821807364 -0.17757370238689 1325.105647083249 -2001.6251433700302
7.202333844725331 0.20715210814273632 0.6113711652298809 0.5953065167918435 1325.717018248479 -2001.0298368532383
6.161817489317514 1.2476684635505535 0.5525638637785657 0.3624329598940902 1326.2695821122575 -2000.6674038933443
9.283366555540965 0.20715210814273632 -0.9586577756808754 -0.42943541519509065 1325.3109243365766 -2001.0968393085393
8.242850200133148 1.2476684635505535 0.34653998709904915 -0.23078273071435756 1325.6574643236756 -2001.3276220392536
7.202333844725331 0.20715210814273632 1.5963971045585386 0.1144174741588293 1327.2538614282341 -2001.2132045650947
11.3643992663566 4.369217529774005 -1.1085036330010365 -0.16105980989500862 1326.1453577952332 -2001.3742643749897
8.242850200133148 3.328701174366188 -1.1335431221353611 -0.1434840160878811 1325.011814673098 -2001.5177483910775
7.202333844725331 2.2881848189583707 0.1940880667616184 -0.21539013657678968 1325.2059027398595 -2001.7331385276543
6.161817489317514 1.2476684635505535 0.21121839731227043 -0.12496784693183163 1325.4171211371718 -2001.8581063745862
7.202333844725331 2.2881848189583707 0.09864493549796072 0.09786953880058041 1325.5157660726697 -2001.7602368357857
7.202333844725331 2.2881848189583707 0.10876759435177656 0.10791262839231618 1325.6245336670215 -2001.6523242073933
7.202333844725331 2.2881848189583707 0.12362796013322742 0.12265618435986649 1325.7481616271548 -2001.5296680230335
8.242850200133148 3.328701174366188 -0.26927165744437653 -0.22771831269893128 1325.4788899697105 -2001.7573863357325
9.283366555540965 2.2881848189583707 -0.7657456568486383 -0.002742972360750301 1324.713144312862 -2001.7601293080932
6.161817489317514 1.2476684635505535 0.04619640873857982 -0.006450624913381629 1324.7593407216004 -2001.7665799330066
6.161817489317514 1.2476684635505535 -0.05012611486007971 -0.16390917892261883 1324.7092146067403 -2001.9304891119293
4.080784778501879 3.328701174366188 0.009940264548921829 -0.14924562271853162 1324.7191548712892 -2002.079734734648
5.1213011339096965 2.2881848189583707 0.3210152464987622 0.2723304073381317 1325.040170117788 -2001.8074043273098
6.161817489317514 3.3287011743662447 -0.09451991445120139 -0.0706199981118129 1324.9456502033368 -2001.8780243254216
4.080784778501879 3.3287011743662447 0.12570300741912402 -0.017761261177115947 1325.071353210756 -2001.8957855865988
Start to Record2018-11-15 14:07:39
128.50543121937653 -65.1750035558398 -3.4891094809018868 -4.595008753287577 1366.4208905190983 -1993.3350087532876
115.8257778533042 -9.579600335368696 -10.499450256834747 -3.5261833370105626 1355.9214402622636 -1996.8611920902981
86.35748000059436 46.15924132635428 12.538188042518616 4.7886801178113885 1368.4596283047822 -1992.0725119724868
114.27173673386335 28.2143619978242 -26.553392123601874 -8.433572041085188 1341.9062361811802 -2000.506084013572
49.470783603060454 31.205175219245916 -12.957143163939394 -2.854073202860513 1328.9490930172408 -2003.3601572164325
19.56265138884362 13.260295890715895 -1.5316334410225163 -0.07142851124977503 1327.4174595762183 -2003.4315857276822
17.568775907895883 9.272544928820366 -2.508683345265987 -0.7626256778703105 1324.9087762309523 -2004.1942114055526
10.590211724578694 14.25723363118982 -0.36485125977418353 0.5248723434368695 1324.543924971178 -2003.6693390621156
9.593273984104826 13.260295890715895 -0.265357761290679 1.6450211161744723 1324.2785672098873 -2002.024317945941
9.593273984104826 9.272544928820366 -0.4702223646194006 -0.4876608214742552 1323.808344845268 -2002.5119787674153
8.596336243630958 10.269482669294234 0.8564286521458698 -0.6588251622387106 1324.664773497414 -2003.1708039296539
10.590211724578694 8.275607188346441 -0.8828358881070584 0.8282638496306327 1323.7819376093069 -2002.3425400800231
10.590211724578694 8.275607188346441 -0.5039541372492509 0.41477175261555793 1323.2779834720577 -2001.9277683274076
9.593273984104826 7.278669447872517 -0.42071659867249417 -0.4562420199919053 1322.8572668733852 -2002.3840103473995
8.596336243630958 8.275607188346441 1.4764865766283668 -0.46456664293317873 1324.3337534500135 -2002.8485769903327
10.590211724578694 8.275607188346441 -1.4150624526843498 0.33060833848190985 1322.9186909973291 -2002.5179686518509
8.596336243630958 8.275607188346441 -0.6226040788305619 0.14742791339461125 1322.2960869184985 -2002.3705407384562
7.59939850315709 7.278669447872517 0.038917447338050914 -0.5068581322984671 1322.3350043658365 -2002.8773988707546
6.602460762683222 8.275607188346441 0.7055472054049148 0.7768284525009327 1323.0405515712414 -2002.1005704182537
7.59939850315709 7.278669447872517 1.1181249353535505 1.2271707949507134 1324.158676506595 -2000.873399623303
11.587149465052562 3.290918485976988 -0.816592808006358 -0.21760306104982838 1323.3420836985886 -2001.0910026843528
End of Record2018-11-15 14:08:16
Start to Record2018-11-15 14:11:44
-27.55217341042851 -53.35581085509676 9.880641143398531 2.266916953797337 1379.7906411433987 -1986.4730830462026
-1.6023277485049903 -20.777045512014865 1.7511612757975925 2.6595766243410788 1381.5418024191963 -1983.8135064218616
Start to Record2018-11-15 14:12:48
-30.167554072061762 22.61691925561422 6.91522811118692 2.7960166417440453 1376.825228111187 -1985.943983358256
Start to Record2018-11-15 16:13:23
-27.381809329987732 -0.8712365244256262 -4.7529440786324955 9.60584741470672 1303.1470559213676 -2027.1491525852935
-32.86675542769024 -24.63933628113648 -2.777935379433159 5.820815378381363 1300.3691205419345 -2021.328337206912
-35.04836962940453 -46.52377252667691 9.410450456130606 -10.41006752193147 1309.779570998065 -2031.7384047288435
-17.95180529354434 58.56466659712373 7.616950710904762 -3.4512873851098256 1317.3965217089699 -2035.1896921139535
-12.680015299327351 163.45762804114048 -13.750867668620375 19.506727812372635 1303.6456540403494 -2015.6829643015808
-26.88941875559999 -10.545155190668254 2.105090922985739 -2.1796013146927455 1305.7507449633351 -2017.8625656162735
-19.695035070321524 32.867003446285935 0.02122151350357801 1.7561202847679374 1305.7719664768388 -2016.1064453315055
-18.758505053293675 44.10536365061955 -0.5553848152006895 0.05542221799922242 1305.216581661638 -2016.0510231135063
-21.09983009586324 27.71608835263305 0.2094731534238999 0.7461650500692965 1305.426054815062 -2015.304858063437
-19.695035070321524 33.803533463313784 -0.11143540484067177 1.5588084769899928 1305.3146194102212 -2013.746049586447
-19.695035070321524 30.99394341223035 -0.2869966786415183 4.4954420173891965 1305.0276227315796 -2009.2506075690578
-16.885445019237977 15.072933122757604 0.21698723650974167 3.669310880303298 1305.2446099680894 -2005.5812966887545
-14.10188392724001 1.983214078638241 0.3027476217435847 -1.6908889428913223 1305.547357589833 -2007.272185631646
-14.10188392724001 3.8163304171466166 0.8662587409899947 0.020665501119472074 1306.4136163308228 -2007.2515201305264
-12.268767588731635 13.898470278942966 0.21475094387125798 0.6500221150142769 1306.628367274694 -2006.601498015512
-11.810488504104455 9.773958517299036 1.739867654781698 10.51443899028941 1308.3682349294756 -1996.0870590252227
-4.901151882893259 -49.90194505912535 0.4018776449602745 -7.989561526998621 1308.7701125744359 -2004.0766205522214
-3.612408580784745 4.654854730135014 0.09670744479659822 -1.3014717040260826 1308.8668200192324 -2005.3780922562473
-4.471570782190383 8.950665737163376 0.38590878471553625 -0.4052115290405754 1309.252728803948 -2005.783303785288
-3.1828274800819827 10.239409039271834 0.4047692117342723 0.6433841604565522 1309.6574980156822 -2005.1399196248312
-2.7532463793791067 9.809827938568958 0.42108700464212656 0.3875986368116462 1310.0785850203245 -2004.7523209880196
End of Record2018-11-15 16:14:12
Start to Record2018-11-15 16:17:27
-18.96198058847392 -0.615929415058531 -0.13750528906755455 -0.9322684723656169 1307.7624947109325 -2037.6872684723658
Start to Record2018-11-15 16:18:20
-22.56969177256019 -6.5946702408517694 -4.62489456599527 5.597341077730538 1303.275105434005 -2031.1576589222695
-28.272051084306213 -33.477221281940615 12.143069883096757 -9.717774401732642 1315.4181753171017 -2040.8754333240022
-18.157226534805886 51.678988929528884 16.244966489634393 -22.619724418667634 1331.6631418067361 -2063.49515774267
-141.85683491463783 82.97529898787963 -8.222206150534706 10.317310808063272 1323.4409356562014 -2053.177846934607
Start to Record2018-11-15 16:19:27
-26.04247973491192 -2.545858330235774 -5.913243929600325 7.4992810198451085 1301.9867560703997 -2029.255718980155
-33.96011043467183 -27.044272058643912 18.68708944168264 -18.174398911577068 1320.6738455120824 -2047.4301178917322
-6.206026647567569 98.48183033003363 -182.5416717023516 148.64532099295627 1138.1321738097308 -1898.7847968987758
Start to Record2018-11-15 16:21:44
-23.346929802395493 -6.271350437717217 5.78001555676105 11.06880191530606 1313.6800155567612 -2025.686198084694
-7.527189731791395 -4.926552912236559 2.4645271281179006 6.0339416974865765 1316.144542684879 -2019.6522563872074
1.199498599948356 -3.4219514757297134 2.9199268489481613 3.5388064723588935 1319.0644695338272 -2016.1134499148486
9.324346357085233 -1.3155094646201633 -0.6145452984334779 2.313711941848665 1318.4499242353936 -2013.799737973
9.324346357085233 -2.5191906138256854 -1.509790060740309 3.9506964937832674 1316.9401341746534 -2009.8490414792168
8.421585495181148 -5.829313774140758 -0.030813707040293403 3.7626728873874726 1316.909320467613 -2006.0863685918293
10.528027506290641 -9.741277509058534 -3.258428696430277 2.0178985890495165 1313.6508917711828 -2004.0684700027798
4.423020296332879 -17.414308563243367 3.890136862212186 1.0703630436362574 1317.541028633395 -2002.9981069591436
11.80489553337975 -12.49305840521231 3.887649525784061 2.372785767764065 1321.428678159179 -2000.6253211913795
22.262552119196016 -3.8808706286577035 -1.8873474731539397 -1.7195401922903397 1319.541330686025 -2002.34486138367
17.956458230918656 -2.035401819395929 -2.687621496824039 -1.9740382525420364 1316.853709189201 -2004.3188996362119
10.5745829938719 -3.265714358903665 -0.406536378398886 -0.8880375580351333 1316.4471728108022 -2005.206937194247
9.651848589241013 -1.7278236845189667 -1.047154099535536 -0.7672675073837092 1315.4000187112665 -2005.9742047016307
End of Record2018-11-15 16:22:07
Start to Record2018-11-15 16:26:50
-32.078236619642325 -58.14082591535646 24.393464012834116 23.1094052100127 1308.213464012834 -1996.0785947899874
28.73447173702357 -62.48459079797544 0.06219266219131736 -2.032998780433746 1308.2756566750254 -1998.111593570421
28.11393389664954 -60.00243943647888 6.780102729181177 -10.301979029869965 1315.0557594042066 -2008.413572600291
36.23455285105109 -33.36058049400805 -0.46423575261316685 2.3398777817177856 1314.5915236515934 -2006.0736948185731
38.13735472864255 -22.578036520989485 -6.946651919645753 -3.3216007110612606 1307.6448717319477 -2009.3952955296345
22.28067241538008 -21.94376922845902 -3.4814102562598896 -2.2218954638709754 1304.1634614756879 -2011.6171909935056
13.718063966218324 -16.552497241949766 -1.9826005509213653 -1.0521369311389512 1302.1808609247664 -2012.6693279246444
9.595326564769948 -11.795492547971037 -1.1005950399348257 -0.7111075432668901 1301.0802658848315 -2013.3804354679114
7.058257394648081 -7.355621500257541 -0.5342778722676637 -0.2867459643193522 1300.5459880125638 -2013.6671814322308
End of Record2018-11-15 16:27:07
Start to Record2018-11-15 16:30:42
-13.789061275689278 -15.726561109681029 16.60647252711565 18.415475038138027 1355.7464725271157 -1984.360524961862
28.279814933236764 -20.419106652488495 2.2174283275702242 -0.8776834748787159 1357.9639008546858 -1985.2382084367407
31.973233440819968 -14.989694818296243 0.024304693833457014 -3.519696061449353 1357.9882055485193 -1988.75790449819
29.0079447656517 -5.345372502160103 -4.999852510603004 -2.2671568265868043 1352.9883530379163 -1991.025061324777
17.641197053968654 -7.724459232512345 -1.5432112429391551 -1.2482355003171561 1351.4451417949772 -1992.2732968250941
14.20473844345986 -3.759314681925275 -2.383658252804888 -0.6442629710864547 1349.0614835421723 -1992.9175597961805
End of Record2018-11-15 16:30:53
Start to Record2018-11-15 16:32:26
-14.863751903075126 -17.020067959647065 16.651526618838847 18.11547219608327 1355.791526618839 -1984.6605278039167
27.993029721292316 -20.5240815515765 2.2245250747028997 -0.9224185998987997 1358.0160516935418 -1985.5829464038154
32.84474084857919 -13.51605436771763 -1.7266708980262422 -3.22935778539063 1356.2893807955156 -1988.812304189206
27.723490214220817 -8.39480373335931 -8.917193748193139 -11.804599891008102 1347.3721870473225 -2000.6169040802142
2.733702237386751 24.680211814883137 1.0084318382828905 1.8397260869904841 1348.3806188856054 -1998.7771779932236
5.268089212766199 17.077050888744793 0.945487207643864 1.948440174407712 1349.3261060932493 -1996.8287378188159
7.802476188145647 6.657904434407101 0.6016852492796686 0.7786936482997335 1349.927791342529 -1996.0500441705162
8.928870399425477 -2.9164463614707756 -1.3752323988274955 -0.5879457811252494 1348.5525589437016 -1996.6379899516414
6.957680529685945 3.5603203533878514 -1.1651379678686733 0.04696625545517971 1347.3874209758328 -1996.5910236961863
4.704892107126398 4.686714564667568 -0.7659882020530733 0.1783663213941772 1346.6214327737798 -1996.4126573747922
2.733702237386751 6.094707328767299 -0.5674366394409909 0.2492517453729504 1346.0539961343388 -1996.1634056294192
1.8889065789269353 6.3763058815872 -1.0038409541907183 0.7691746233771487 1345.050155180148 -1995.394231006042
0.19931526200730332 5.813108775947285 0.8804016826997179 -0.675334657934096 1345.9305568628479 -1996.0695656639762
End of Record2018-11-15 16:32:49
Start to Record2018-11-15 16:43:00
-28.412662235378093 -11.639127893669752 27.710714103050336 32.173759075835946 1346.0807141030505 -1987.883240924164
43.584422757552375 -19.56773487026146 6.719807592851561 -0.9481035015004415 1352.800521695902 -1988.8313444256646
58.79143209603086 -1.5958147429688552 -4.922418739188014 -4.732344235979012 1347.878102956714 -1993.5636886616437
46.00371969776489 4.970848380464986 -9.405586143377375 -1.964417866229598 1338.4725168133366 -1995.5281065278732
25.958116478861484 2.205937591650809 -3.717504331114638 -1.2269211171907413 1334.755012482222 -1996.755027645064
17.31777026381701 0.47786834864177763 -2.044686268037411 -0.617909384557384 1332.7103262141845 -1997.3729370296214
12.479176383392087 1.169096045845322 -1.5667290992848755 -0.1402055372493224 1331.1435971148996 -1997.5131425668708
9.023037897374252 -0.21335934856176664 -0.6449502182997165 -0.18464128462782617 1330.4986468966 -1997.6977838514986
7.9861963515688785 -1.2502008943670262 -0.29484185291776666 -0.0509392427662692 1330.2038050436822 -1997.7487230942647
6.949354805763505 -1.5958147429688552 -0.0921530226882668 0.029110581748850083 1330.111652020994 -1997.7196125125158
6.60374095716179 0.13225450004017603 -0.2769926537634346 -0.016966073046511924 1329.8346593672304 -1997.7365785855623
End of Record2018-11-15 16:43:19
Start to Record2018-11-15 16:48:38
-22.44328735945612 -63.23135377626738 9.728785724380286 5.970191586245711 1325.6887857243803 -1995.9588084137545
-2.305489294878271 -64.46360717199423 6.0989745634970856 -2.2408887365778654 1331.7877602878773 -1998.1996971503324
9.564722453014497 -52.59339542410157 12.82967649605436 -0.3686931886783861 1344.6174367839317 -1998.5683903390109
37.64790634437031 -25.668280971564513 -3.3416945181649185 -4.72544469477487 1341.2757422657667 -2003.2938350337859
28.672868193524607 -20.167451137175135 -7.720837904366409 -5.9089068005934 1333.5549043614003 -2009.2027418343791
10.143757172423875 -16.693242820718638 -1.2285399183294476 -1.8679920830972052 1332.3263644430708 -2011.0707339174764
6.669548855967378 -10.90289562662474 -1.5502833138147056 -1.0748321899825712 1330.776081129256 -2012.145566107459
3.1953405395108803 -7.428687310168357 0.09732497617596869 0.3953825633539645 1330.873406105432 -2011.750183544105
4.063892618625005 -5.981100511644854 -0.021311094005252662 -1.2522613620699368 1330.8520950114266 -2013.002444906175
1.3235386998650256 -2.4727368784614328 0.1019817778256066 0.12925584944069093 1330.9540767892522 -2012.8731890567344
End of Record2018-11-15 16:48:57
Start to Record2018-11-16 10:01:41
-23.175446975642444 -62.12537587105402 7.592180082428712 4.66717594745782 1323.5521800824288 -1997.2618240525424
-7.1054878050694015 -64.33091688042288 4.107641637207155 -3.700685876832895 1327.6598217196358 -2000.9625099293753
-0.3401006955092498 -55.483872198690506 13.850453537499135 -1.3032519529448148 1341.510275257135 -2002.26576188232
27.26989430406087 -33.03446504141459 -2.5056355134916433 -2.8739333060106693 1339.0046397436433 -2005.1396951883307
22.482537306568588 -29.84289370975307 -7.934813879233038 -6.593307198902838 1331.0698258644104 -2011.7330023872337
2.8011807613221436 -16.544679827829953 -1.073804182916037 -0.44843623165138186 1329.9960216814943 -2012.181438618885
1.4713593731298715 -16.810644105468384 2.5660524939138716 1.1911372964171962 1332.5620741754083 -2010.9903013224678
5.460823537706801 -13.353108496168431 0.41105015311852533 -0.40809291541301096 1332.9731243285269 -2011.3983942378807
6.258716370622324 -12.55521566325308 -10.221637092369134 -7.538693083354463 1322.7514872361578 -2018.9370873212351
-18.69392466872182 12.456629058694546 3.089949908204457 2.431083975073283 1325.8414371443623 -2016.5060033461618
-13.28091238364948 5.119080461784904 2.783992576917546 1.8249237742413804 1328.62542972128 -2014.6810795719205
-7.3166789393696945 1.4269359486593203 1.4491246227961674 1.0027129054951642 1330.0745543440762 -2013.6783666664253
-3.340523309849914 0.8589137158707558 0.5849237955143248 0.6736160849529542 1330.6594781395904 -2013.0047505814723
End of Record2018-11-16 10:02:27
Start to Record2018-11-16 10:20:18
-29.465603403061323 -68.03977425514802 8.978583464445073 5.390240688083901 1324.9385834644452 -1996.5387593119162
-27.429590683585047 -67.16719737537244 8.70397728771864 0.9857096963799875 1333.6425607521637 -1995.5530496155363
8.039811084968278 -61.95435465347282 -6.927572144137957 -4.482738477845203 1326.7149886080258 -2000.0357880933816
3.485310414235073 -59.10779173426465 -1.5309578731945026 -1.8250173707846375 1325.1840307348314 -2001.8608054641663
-7.046972386835023 -55.9765725231357 2.909838048331822 -0.6791648494061242 1328.093868783163 -2002.5399703135724
-5.3390346353100995 -53.69932218776921 6.9246300113602945 -3.221218929915488 1335.0184987945233 -2005.761189243488
8.609123668809843 -40.889789051332514 1.104221968952785 -4.571609137039123 1336.122720763476 -2010.332798380527
10.032405128413984 -28.080255914896043 -2.740494070861521 -5.678285665219737 1333.3822266926145 -2016.0110840457469
0.3540912031062362 -11.000878399647263 -1.58435166822935 -1.0301659822621174 1331.7978750243851 -2017.041250028009
-2.2078154241810353 -6.161721436993389 -0.680474952796934 -0.19302197890372136 1331.1174000715882 -2017.2342720069128
-3.9157531757059587 -1.6072207662604114 -0.8180866853325408 1.4167118389168825 1330.2993133862558 -2015.817560167996
